
static awb_calc_data_t ts1_5_awb_calc_data = {
   
// Sensor specific calibration data

   15,			// num_of_ref_1
   7,			// num_of_ref_2
   4,			// num_of_gray

   // color_temp_1[num_of_ref_1]
   {7500,6500,6000,5500,5000,4700,4400,4100,3800,3600,3400,3200,3000,6001,7001},

   // wbReferenceCb[num_of_ref_1][num_of_gray]
   {
       {0,0,-1,0},
       {-5,-6,-6,-5},
       {-12,-12,-13,-12},
       {-17,-17,-18,-18},
       {-25,-25,-25,-25},
       {-28,-29,-29,-29},
       {-35,-35,-34,-34},
       {-40,-40,-40,-39},
       {-43,-43,-43,-42},
       {-50,-49,-49,-48},
       {-54,-53,-53,-51},
       {-57,-56,-56,-54},
       {-60,-59,-59,-57},
       {-12,-13,-14,-12},
       {-3,-3,-4,-2}
   },

   // wbReferenceCr[num_of_ref_1][num_of_gray]
   {
       {-50,-50,-51,-48},
       {-46,-45,-45,-44},
       {-42,-41,-41,-39},
       {-38,-37,-37,-35},
       {-34,-33,-33,-30},
       {-28,-27,-27,-25},
       {-22,-21,-21,-19},
       {-15,-15,-15,-14},
       {-9,-9,-9,-8},
       {-3,-3,-3,-2},
       {4,4,4,4},
       {10,11,10,10},
       {16,17,16,16},
       {-42,-43,-44,-44},
       {-49,-50,-51,-51}
   },

   // ref_gray_R_1[num_of_ref_1][num_of_gray]
   {
       {245,159,89,39},
       {238,157,88,37},
       {235,156,88,38},
       {233,154,89,38},
       {230,153,89,39},
       {259,172,99,44},
       {289,191,110,48},
       {318,210,120,53},
       {347,229,130,57},
       {339,225,129,56},
       {332,221,128,56},
       {324,217,126,55},
       {316,213,125,54},
       {590,382,205,83},
       {494,314,168,67}
   },

   // ref_gray_G_1[num_of_ref_1][num_of_gray]
   {
       {385,250,141,60},
       {359,235,132,56},
       {345,227,129,55},
       {332,218,125,53},
       {318,210,122,52},
       {337,222,128,55},
       {356,235,135,59},
       {375,247,141,62},
       {394,259,147,65},
       {370,245,140,62},
       {347,230,133,58},
       {323,216,125,55},
       {299,201,118,51},
       {866,567,308,124},
       {769,493,267,107}
   },

   // ref_gray_B_1[num_of_ref_1][num_of_gray]
   {
       {339,220,123,53},
       {307,201,112,48},
       {283,186,104,45},
       {259,170,97,42},
       {235,155,89,39},
       {241,159,91,40},
       {246,162,92,41},
       {252,166,94,41},
       {257,169,95,42},
       {236,156,88,39},
       {214,142,81,36},
       {193,129,74,32},
       {171,115,67,29},
       {703,457,245,101},
       {663,424,226,92}
   },

   // ref_index_2[num_of_ref_2]
   {0,1,4,8,12,13,14},

   // color_temp_2[num_of_ref_2]
   {7500,6500,5000,3800,3000,6001,7001},

   // img_ref[NUM_OF_REF_2*1120]
   {
       //7500
       	0,0,0,0,
       	0,0,0,0,
       	0,0,0,0,
       	0,0,0,0,
       	0,0,0,0,
       	0,0,0,0,
       	0,0,0,0,
       	0,0,0,0,
       	
       	0,0,0,0,
       	0,0,0,0,
       	0,0,0,0,
       	0,0,0,0,
       	0,0,0,0,
       	0,0,0,0,
       	0,0,0,0,
       	0,0,0,0,
       	
       	0,0,0,0,
       	0,0,0,0,
       	0,0,0,0,
       	0,0,0,0,
       	0,0,0,0,
       	0,0,0,0,
       	0,0,0,0,
       	0,0,0,0,
       	
       	0,0,0,0,
       	0,0,0,0,
       	0,0,0,0,
       	0,0,0,0,
       	0,0,0,0,
       	0,0,0,0,
       	0,0,0,0,
       	0,0,0,0,
       	
       	0,0,0,0,
       	0,0,0,0,
       	0,0,0,0,
       	0,0,0,0,
       	0,0,0,0,
       	0,0,0,0,
       	0,0,0,0,
       	0,0,0,0,
       	
       	0,0,0,0,
       	0,0,0,0,
       	0,0,0,0,
       	0,0,0,0,
       	0,0,0,0,
       	0,0,0,0,
       	0,0,0,0,
       	0,0,0,0,
       	
       	0,0,0,0,
       	0,0,0,0,
       	0,5,23,2,
       	12,0,0,0,
       	0,0,0,0,
       	0,0,0,0,
       	0,0,0,0,
       	0,0,0,0,
       	
       	0,0,0,0,
       	0,0,0,0,
       	0,0,14,9,
       	5,0,14,9,
       	0,0,0,0,
       	0,0,0,0,
       	0,0,0,0,
       	0,0,0,0,
       	
       	0,0,0,0,
       	0,7,21,12,
       	2,2,7,0,
       	0,2,9,0,
       	0,2,5,19,
       	5,0,0,0,
       	0,0,0,0,
       	0,0,0,0,
       	
       	0,0,0,33,
       	0,0,0,0,
       	0,2,14,0,
       	0,2,0,0,
       	0,5,5,0,
       	0,0,0,0,
       	0,0,0,0,
       	0,0,0,0,
       	
       	0,0,0,2,
       	5,21,9,7,
       	0,0,2,0,
       	2,0,0,9,
       	5,0,0,0,
       	0,0,0,0,
       	0,0,0,0,
       	0,0,0,0,
       	
       	0,0,0,0,
       	0,5,7,9,
       	2,9,2,0,
       	0,2,12,16,
       	0,0,0,0,
       	0,0,0,0,
       	0,0,0,0,
       	0,0,0,0,
       	
       	0,0,0,0,
       	0,5,7,12,
       	21,37,2,0,
       	0,0,0,0,
       	0,0,0,0,
       	0,0,0,0,
       	0,0,0,0,
       	0,0,0,0,
       	
       	0,0,0,0,
       	0,19,72,2,
       	5,0,0,0,
       	0,0,0,0,
       	0,0,0,0,
       	0,0,0,0,
       	0,0,0,0,
       	0,0,0,0,
       	
       	0,0,23,0,
       	12,91,93,5,
       	0,0,2,0,
       	5,0,0,0,
       	0,0,0,0,
       	0,0,0,0,
       	0,0,0,0,
       	0,0,0,0,
       	
       	0,0,0,9,
       	5,23,26,2,
       	7,5,0,0,
       	19,0,0,0,
       	0,0,0,0,
       	0,0,0,0,
       	0,0,0,0,
       	0,0,0,0,
       	
       	0,0,2,2,
       	19,9,0,0,
       	2,14,2,0,
       	5,0,0,0,
       	0,0,0,0,
       	0,0,0,0,
       	0,0,0,0,
       	0,0,0,0,
       	
       	0,0,7,2,
       	14,2,0,5,
       	0,0,0,0,
       	0,0,0,0,
       	0,0,0,0,
       	0,0,0,0,
       	0,0,0,0,
       	0,0,0,0,
       	
       	5,5,7,23,
       	28,0,7,0,
       	0,0,0,0,
       	0,0,0,0,
       	0,0,0,0,
       	0,0,0,0,
       	0,0,0,0,
       	0,0,0,0,
       	
       	5,9,0,0,
       	2,0,9,7,
       	0,0,0,0,
       	0,0,0,0,
       	0,0,0,0,
       	0,0,0,0,
       	0,0,0,0,
       	0,0,0,0,
       	
       	0,0,0,0,
       	2,0,0,0,
       	0,0,0,0,
       	0,0,0,0,
       	0,0,0,0,
       	0,0,0,0,
       	0,0,0,0,
       	0,0,0,0,
       	
       	0,0,0,2,
       	0,0,0,0,
       	0,0,0,0,
       	0,0,0,0,
       	0,0,0,0,
       	0,0,0,0,
       	0,0,0,0,
       	0,0,0,0,
       	
       	0,0,0,2,
       	0,0,0,0,
       	0,0,0,0,
       	0,0,0,0,
       	0,0,0,0,
       	0,0,0,0,
       	0,0,0,0,
       	0,0,0,0,
       	
       	0,0,7,2,
       	0,0,0,0,
       	0,0,0,0,
       	0,0,0,0,
       	0,0,0,0,
       	0,0,0,0,
       	0,0,0,0,
       	0,0,0,0,
       	
       	0,2,21,0,
       	0,0,0,0,
       	0,0,0,0,
       	0,0,0,0,
       	0,0,0,0,
       	0,0,0,0,
       	0,0,0,0,
       	0,0,0,0,
       	
       	0,5,7,0,
       	0,0,0,0,
       	0,0,0,0,
       	0,0,0,0,
       	0,0,0,0,
       	0,0,0,0,
       	0,0,0,0,
       	0,0,0,0,
       	
       	0,5,7,0,
       	0,0,0,0,
       	0,0,0,0,
       	0,0,0,0,
       	0,0,0,0,
       	0,0,0,0,
       	0,0,0,0,
       	0,0,0,0,
       	
       	2,5,2,0,
       	0,0,0,0,
       	0,0,0,0,
       	0,0,0,0,
       	0,0,0,0,
       	0,0,0,0,
       	0,0,0,0,
       	0,0,0,0,
       	
       	2,0,0,0,
       	0,0,0,0,
       	0,0,0,0,
       	0,0,0,0,
       	0,0,0,0,
       	0,0,0,0,
       	0,0,0,0,
       	0,0,0,0,
       	
       	0,0,0,0,
       	0,0,0,0,
       	0,0,0,0,
       	0,0,0,0,
       	0,0,0,0,
       	0,0,0,0,
       	0,0,0,0,
       	0,0,0,0,
       	
       	0,0,0,0,
       	0,0,0,0,
       	0,0,0,0,
       	0,0,0,0,
       	0,0,0,0,
       	0,0,0,0,
       	0,0,0,0,
       	0,0,0,0,
       	
       	0,0,0,0,
       	0,0,0,0,
       	0,0,0,0,
       	0,0,0,0,
       	0,0,0,0,
       	0,0,0,0,
       	0,0,0,0,
       	0,0,0,0,
       	
       	0,0,0,0,
       	0,0,0,0,
       	0,0,0,0,
       	0,0,0,0,
       	0,0,0,0,
       	0,0,0,0,
       	0,0,0,0,
       	0,0,0,0,
       	
       	0,0,0,0,
       	0,0,0,0,
       	0,0,0,0,
       	0,0,0,0,
       	0,0,0,0,
       	0,0,0,0,
       	0,0,0,0,
       	0,0,0,0,
       	
       	0,0,0,0,
       	0,0,0,0,
       	0,0,0,0,
       	0,0,0,0,
       	0,0,0,0,
       	0,0,0,0,
       	0,0,0,0,
       	0,0,0,0,
       	

       //6500
       	0,0,0,0,
       	0,0,0,0,
       	0,0,0,0,
       	0,0,0,0,
       	0,0,0,0,
       	0,0,0,0,
       	0,0,0,0,
       	0,0,0,0,
       	
       	0,0,0,0,
       	0,0,0,0,
       	0,0,0,0,
       	0,0,0,0,
       	0,0,0,0,
       	0,0,0,0,
       	0,0,0,0,
       	0,0,0,0,
       	
       	0,0,0,0,
       	0,0,0,0,
       	0,0,0,0,
       	0,0,0,0,
       	0,0,0,0,
       	0,0,0,0,
       	0,0,0,0,
       	0,0,0,0,
       	
       	0,0,0,0,
       	0,0,0,0,
       	0,0,0,0,
       	0,0,0,0,
       	0,0,0,0,
       	0,0,0,0,
       	0,0,0,0,
       	0,0,0,0,
       	
       	0,0,0,0,
       	0,0,0,0,
       	0,0,0,0,
       	0,0,0,0,
       	0,0,0,0,
       	0,0,0,0,
       	0,0,0,0,
       	0,0,0,0,
       	
       	0,0,0,0,
       	0,0,0,0,
       	0,0,0,0,
       	0,0,0,0,
       	0,0,0,0,
       	0,0,0,0,
       	0,0,0,0,
       	0,0,0,0,
       	
       	0,0,0,0,
       	0,0,0,0,
       	0,0,25,7,
       	18,0,0,2,
       	0,0,0,0,
       	0,0,0,0,
       	0,0,0,0,
       	0,0,0,0,
       	
       	0,0,0,0,
       	0,0,7,2,
       	0,0,16,9,
       	5,0,2,18,
       	0,0,0,2,
       	0,0,0,0,
       	0,0,0,0,
       	0,0,0,0,
       	
       	0,0,0,0,
       	0,0,28,2,
       	0,0,2,0,
       	0,0,2,0,
       	0,7,5,12,
       	9,0,0,0,
       	0,0,0,0,
       	0,0,0,0,
       	
       	0,0,0,23,
       	2,2,2,2,
       	9,0,0,0,
       	0,2,0,0,
       	2,2,2,0,
       	0,0,0,0,
       	0,0,0,0,
       	0,0,0,0,
       	
       	0,0,0,0,
       	0,0,30,5,
       	2,2,0,0,
       	0,0,5,0,
       	23,0,0,0,
       	0,0,0,0,
       	0,0,0,0,
       	0,0,0,0,
       	
       	0,0,0,0,
       	0,0,5,9,
       	9,39,21,9,
       	0,2,2,9,
       	0,0,0,0,
       	0,0,0,0,
       	0,0,0,0,
       	0,0,0,0,
       	
       	0,0,0,0,
       	0,0,18,5,
       	21,12,2,0,
       	0,0,0,0,
       	0,0,0,0,
       	0,0,0,0,
       	0,0,0,0,
       	0,0,0,0,
       	
       	0,0,0,23,
       	14,7,196,46,
       	2,0,5,0,
       	0,5,0,0,
       	0,0,0,0,
       	0,0,0,0,
       	0,0,0,0,
       	0,0,0,0,
       	
       	0,0,5,12,
       	2,25,23,12,
       	0,5,0,0,
       	7,21,0,0,
       	0,0,0,0,
       	0,0,0,0,
       	0,0,0,0,
       	0,0,0,0,
       	
       	0,0,0,0,
       	5,7,5,0,
       	0,5,0,0,
       	0,9,0,0,
       	0,0,0,0,
       	0,0,0,0,
       	0,0,0,0,
       	0,0,0,0,
       	
       	0,0,2,2,
       	12,14,5,2,
       	2,0,0,0,
       	0,0,0,0,
       	0,0,0,0,
       	0,0,0,0,
       	0,0,0,0,
       	0,0,0,0,
       	
       	0,0,0,2,
       	35,39,0,35,
       	7,0,0,0,
       	0,0,0,0,
       	0,0,0,0,
       	0,0,0,0,
       	0,0,0,0,
       	0,0,0,0,
       	
       	0,23,0,0,
       	5,0,0,5,
       	7,0,0,0,
       	0,0,0,0,
       	0,0,0,0,
       	0,0,0,0,
       	0,0,0,0,
       	0,0,0,0,
       	
       	0,0,0,0,
       	0,0,0,0,
       	0,0,0,0,
       	0,0,0,0,
       	0,0,0,0,
       	0,0,0,0,
       	0,0,0,0,
       	0,0,0,0,
       	
       	0,0,0,2,
       	5,2,0,0,
       	0,0,0,0,
       	0,0,0,0,
       	0,0,0,0,
       	0,0,0,0,
       	0,0,0,0,
       	0,0,0,0,
       	
       	0,0,0,0,
       	0,0,0,0,
       	0,0,0,0,
       	0,0,0,0,
       	0,0,0,0,
       	0,0,0,0,
       	0,0,0,0,
       	0,0,0,0,
       	
       	0,0,0,0,
       	0,0,0,0,
       	0,0,0,0,
       	0,0,0,0,
       	0,0,0,0,
       	0,0,0,0,
       	0,0,0,0,
       	0,0,0,0,
       	
       	0,0,18,5,
       	0,0,0,0,
       	0,0,0,0,
       	0,0,0,0,
       	0,0,0,0,
       	0,0,0,0,
       	0,0,0,0,
       	0,0,0,0,
       	
       	0,0,0,0,
       	0,0,0,0,
       	0,0,0,0,
       	0,0,0,0,
       	0,0,0,0,
       	0,0,0,0,
       	0,0,0,0,
       	0,0,0,0,
       	
       	0,2,5,0,
       	0,0,0,0,
       	0,0,0,0,
       	0,0,0,0,
       	0,0,0,0,
       	0,0,0,0,
       	0,0,0,0,
       	0,0,0,0,
       	
       	0,7,7,0,
       	0,0,0,0,
       	0,0,0,0,
       	0,0,0,0,
       	0,0,0,0,
       	0,0,0,0,
       	0,0,0,0,
       	0,0,0,0,
       	
       	0,0,2,0,
       	0,0,0,0,
       	0,0,0,0,
       	0,0,0,0,
       	0,0,0,0,
       	0,0,0,0,
       	0,0,0,0,
       	0,0,0,0,
       	
       	0,0,0,0,
       	0,0,0,0,
       	0,0,0,0,
       	0,0,0,0,
       	0,0,0,0,
       	0,0,0,0,
       	0,0,0,0,
       	0,0,0,0,
       	
       	0,0,0,0,
       	0,0,0,0,
       	0,0,0,0,
       	0,0,0,0,
       	0,0,0,0,
       	0,0,0,0,
       	0,0,0,0,
       	0,0,0,0,
       	
       	0,0,0,0,
       	0,0,0,0,
       	0,0,0,0,
       	0,0,0,0,
       	0,0,0,0,
       	0,0,0,0,
       	0,0,0,0,
       	0,0,0,0,
       	
       	0,0,0,0,
       	0,0,0,0,
       	0,0,0,0,
       	0,0,0,0,
       	0,0,0,0,
       	0,0,0,0,
       	0,0,0,0,
       	0,0,0,0,
       	
       	0,0,0,0,
       	0,0,0,0,
       	0,0,0,0,
       	0,0,0,0,
       	0,0,0,0,
       	0,0,0,0,
       	0,0,0,0,
       	0,0,0,0,
       	
       	0,0,0,0,
       	0,0,0,0,
       	0,0,0,0,
       	0,0,0,0,
       	0,0,0,0,
       	0,0,0,0,
       	0,0,0,0,
       	0,0,0,0,
       	
       	0,0,0,0,
       	0,0,0,0,
       	0,0,0,0,
       	0,0,0,0,
       	0,0,0,0,
       	0,0,0,0,
       	0,0,0,0,
       	0,0,0,0,
       	

       //5000
       	0,0,0,0,
       	0,0,0,0,
       	0,0,0,0,
       	0,0,0,0,
       	0,0,0,0,
       	0,0,0,0,
       	0,0,0,0,
       	0,0,0,0,
       	
       	0,0,0,0,
       	0,0,0,0,
       	0,0,0,0,
       	0,0,0,0,
       	0,0,0,0,
       	0,0,0,0,
       	0,0,0,0,
       	0,0,0,0,
       	
       	0,0,0,0,
       	0,0,0,0,
       	0,0,0,0,
       	0,0,0,0,
       	0,0,0,0,
       	0,0,0,0,
       	0,0,0,0,
       	0,0,0,0,
       	
       	0,0,0,0,
       	0,0,0,0,
       	0,0,0,0,
       	0,0,0,0,
       	0,0,0,0,
       	0,0,0,0,
       	0,0,0,0,
       	0,0,0,0,
       	
       	0,0,0,0,
       	0,0,0,0,
       	0,0,0,0,
       	0,0,0,0,
       	0,0,0,0,
       	0,0,0,0,
       	0,0,0,0,
       	0,0,0,0,
       	
       	0,0,0,0,
       	0,0,0,0,
       	0,0,0,0,
       	0,0,0,0,
       	0,0,0,0,
       	0,0,0,0,
       	0,0,0,0,
       	0,0,0,0,
       	
       	0,0,0,0,
       	0,0,0,0,
       	0,0,2,37,
       	28,16,0,5,
       	21,0,0,0,
       	0,0,0,0,
       	0,0,0,0,
       	0,0,0,0,
       	
       	0,0,0,0,
       	0,0,2,32,
       	5,0,0,0,
       	0,0,0,7,
       	5,0,0,0,
       	14,9,0,0,
       	0,0,0,0,
       	0,0,0,0,
       	
       	0,0,0,0,
       	23,2,5,0,
       	2,7,5,0,
       	0,0,5,0,
       	0,0,2,2,
       	0,0,0,0,
       	0,0,0,0,
       	0,0,0,0,
       	
       	0,0,0,0,
       	0,2,16,14,
       	2,0,7,21,
       	0,7,0,9,
       	7,21,0,0,
       	0,0,0,0,
       	0,0,0,0,
       	0,0,0,0,
       	
       	0,0,0,0,
       	0,0,5,12,
       	23,5,32,18,
       	5,0,0,5,
       	0,0,0,0,
       	0,0,0,0,
       	0,0,0,0,
       	0,0,0,0,
       	
       	0,0,0,0,
       	9,0,5,207,
       	76,9,0,0,
       	0,0,7,0,
       	0,0,0,0,
       	0,0,0,0,
       	0,0,0,0,
       	0,0,0,0,
       	
       	0,0,0,5,
       	23,0,12,32,
       	0,23,0,2,
       	0,0,21,14,
       	0,0,0,0,
       	0,0,0,0,
       	0,0,0,0,
       	0,0,0,0,
       	
       	0,0,0,0,
       	2,9,7,9,
       	9,9,0,0,
       	0,0,0,0,
       	0,0,0,0,
       	0,0,0,0,
       	0,0,0,0,
       	0,0,0,0,
       	
       	0,0,0,2,
       	2,25,23,0,
       	12,2,2,0,
       	0,0,0,0,
       	0,0,0,0,
       	0,0,0,0,
       	0,0,0,0,
       	0,0,0,0,
       	
       	0,2,2,9,
       	5,9,16,0,
       	12,23,0,0,
       	0,0,0,0,
       	0,0,0,0,
       	0,0,0,0,
       	0,0,0,0,
       	0,0,0,0,
       	
       	0,0,21,0,
       	0,0,2,0,
       	0,0,0,0,
       	0,0,0,0,
       	0,0,0,0,
       	0,0,0,0,
       	0,0,0,0,
       	0,0,0,0,
       	
       	0,0,0,0,
       	0,0,0,0,
       	0,0,0,0,
       	0,0,0,0,
       	0,0,0,0,
       	0,0,0,0,
       	0,0,0,0,
       	0,0,0,0,
       	
       	0,0,0,0,
       	0,0,0,0,
       	0,0,0,0,
       	0,0,0,0,
       	0,0,0,0,
       	0,0,0,0,
       	0,0,0,0,
       	0,0,0,0,
       	
       	0,0,0,0,
       	0,0,0,0,
       	0,0,0,0,
       	0,0,0,0,
       	0,0,0,0,
       	0,0,0,0,
       	0,0,0,0,
       	0,0,0,0,
       	
       	0,0,0,12,
       	12,0,0,0,
       	0,0,0,0,
       	0,0,0,0,
       	0,0,0,0,
       	0,0,0,0,
       	0,0,0,0,
       	0,0,0,0,
       	
       	0,0,0,2,
       	0,0,0,0,
       	0,0,0,0,
       	0,0,0,0,
       	0,0,0,0,
       	0,0,0,0,
       	0,0,0,0,
       	0,0,0,0,
       	
       	0,0,0,7,
       	0,0,0,0,
       	0,0,0,0,
       	0,0,0,0,
       	0,0,0,0,
       	0,0,0,0,
       	0,0,0,0,
       	0,0,0,0,
       	
       	0,0,12,2,
       	0,0,0,0,
       	0,0,0,0,
       	0,0,0,0,
       	0,0,0,0,
       	0,0,0,0,
       	0,0,0,0,
       	0,0,0,0,
       	
       	0,0,0,0,
       	0,0,0,0,
       	0,0,0,0,
       	0,0,0,0,
       	0,0,0,0,
       	0,0,0,0,
       	0,0,0,0,
       	0,0,0,0,
       	
       	0,0,0,0,
       	0,0,0,0,
       	0,0,0,0,
       	0,0,0,0,
       	0,0,0,0,
       	0,0,0,0,
       	0,0,0,0,
       	0,0,0,0,
       	
       	0,0,0,0,
       	0,0,0,0,
       	0,0,0,0,
       	0,0,0,0,
       	0,0,0,0,
       	0,0,0,0,
       	0,0,0,0,
       	0,0,0,0,
       	
       	0,0,0,0,
       	0,0,0,0,
       	0,0,0,0,
       	0,0,0,0,
       	0,0,0,0,
       	0,0,0,0,
       	0,0,0,0,
       	0,0,0,0,
       	
       	0,0,0,0,
       	0,0,0,0,
       	0,0,0,0,
       	0,0,0,0,
       	0,0,0,0,
       	0,0,0,0,
       	0,0,0,0,
       	0,0,0,0,
       	
       	0,0,0,0,
       	0,0,0,0,
       	0,0,0,0,
       	0,0,0,0,
       	0,0,0,0,
       	0,0,0,0,
       	0,0,0,0,
       	0,0,0,0,
       	
       	0,0,0,0,
       	0,0,0,0,
       	0,0,0,0,
       	0,0,0,0,
       	0,0,0,0,
       	0,0,0,0,
       	0,0,0,0,
       	0,0,0,0,
       	
       	0,0,0,0,
       	0,0,0,0,
       	0,0,0,0,
       	0,0,0,0,
       	0,0,0,0,
       	0,0,0,0,
       	0,0,0,0,
       	0,0,0,0,
       	
       	0,0,0,0,
       	0,0,0,0,
       	0,0,0,0,
       	0,0,0,0,
       	0,0,0,0,
       	0,0,0,0,
       	0,0,0,0,
       	0,0,0,0,
       	
       	0,0,0,0,
       	0,0,0,0,
       	0,0,0,0,
       	0,0,0,0,
       	0,0,0,0,
       	0,0,0,0,
       	0,0,0,0,
       	0,0,0,0,
       	
       	0,0,0,0,
       	0,0,0,0,
       	0,0,0,0,
       	0,0,0,0,
       	0,0,0,0,
       	0,0,0,0,
       	0,0,0,0,
       	0,0,0,0,
       	

       //3800
       	0,0,0,0,
       	0,0,0,0,
       	0,0,0,0,
       	0,0,0,0,
       	0,0,0,0,
       	0,0,0,0,
       	0,0,0,0,
       	0,0,0,0,
       	
       	0,0,0,0,
       	0,0,0,0,
       	0,0,0,0,
       	0,0,0,0,
       	0,0,0,0,
       	0,0,0,0,
       	0,0,0,0,
       	0,0,0,0,
       	
       	0,0,0,0,
       	0,0,0,0,
       	0,0,0,0,
       	0,0,0,0,
       	0,0,0,0,
       	0,0,0,0,
       	0,0,0,0,
       	0,0,0,0,
       	
       	0,0,0,0,
       	0,0,0,0,
       	0,0,0,0,
       	0,0,0,0,
       	0,0,0,0,
       	0,0,0,0,
       	0,0,0,0,
       	0,0,0,0,
       	
       	0,0,0,0,
       	0,0,0,0,
       	0,0,0,0,
       	0,0,0,0,
       	0,0,0,0,
       	0,0,0,0,
       	0,0,0,0,
       	0,0,0,0,
       	
       	0,0,0,0,
       	0,0,0,0,
       	0,0,0,0,
       	0,27,39,2,
       	0,0,7,17,
       	0,0,0,0,
       	0,0,0,0,
       	0,0,0,0,
       	
       	0,0,0,0,
       	0,0,0,0,
       	2,29,7,0,
       	2,7,7,2,
       	0,5,10,0,
       	2,0,19,5,
       	0,0,0,0,
       	0,0,0,0,
       	
       	0,0,0,0,
       	0,22,2,0,
       	24,0,2,7,
       	10,2,0,0,
       	7,2,0,17,
       	22,2,0,0,
       	0,0,0,0,
       	0,0,0,0,
       	
       	0,0,0,0,
       	0,0,0,2,
       	12,15,0,2,
       	7,24,36,5,
       	2,2,2,0,
       	0,0,0,0,
       	0,0,0,0,
       	0,0,0,0,
       	
       	0,0,0,0,
       	0,0,0,0,
       	2,12,233,10,
       	12,2,0,0,
       	0,7,7,0,
       	0,0,0,0,
       	0,0,0,0,
       	0,0,0,0,
       	
       	0,0,0,0,
       	0,12,24,0,
       	2,58,24,17,
       	0,5,0,0,
       	0,7,22,0,
       	0,0,0,0,
       	0,0,0,0,
       	0,0,0,0,
       	
       	0,0,0,0,
       	0,0,12,0,
       	15,5,5,2,
       	2,2,0,0,
       	0,0,0,0,
       	0,0,0,0,
       	0,0,0,0,
       	0,0,0,0,
       	
       	0,0,0,0,
       	0,0,7,29,
       	5,39,2,22,
       	5,5,2,0,
       	0,0,0,0,
       	0,0,0,0,
       	0,0,0,0,
       	0,0,0,0,
       	
       	0,0,0,0,
       	0,5,0,0,
       	0,2,0,19,
       	0,0,0,0,
       	0,0,0,0,
       	0,0,0,0,
       	0,0,0,0,
       	0,0,0,0,
       	
       	0,0,0,17,
       	12,2,0,2,
       	0,0,0,0,
       	0,0,0,0,
       	0,0,0,0,
       	0,0,0,0,
       	0,0,0,0,
       	0,0,0,0,
       	
       	0,0,0,0,
       	0,0,0,0,
       	0,0,0,0,
       	0,0,0,0,
       	0,0,0,0,
       	0,0,0,0,
       	0,0,0,0,
       	0,0,0,0,
       	
       	0,0,0,0,
       	0,0,0,0,
       	0,0,0,0,
       	0,0,0,0,
       	0,0,0,0,
       	0,0,0,0,
       	0,0,0,0,
       	0,0,0,0,
       	
       	0,0,0,0,
       	0,0,19,0,
       	0,0,0,0,
       	0,0,0,0,
       	0,0,0,0,
       	0,0,0,0,
       	0,0,0,0,
       	0,0,0,0,
       	
       	0,0,0,0,
       	0,0,5,0,
       	0,0,0,0,
       	0,0,0,0,
       	0,0,0,0,
       	0,0,0,0,
       	0,0,0,0,
       	0,0,0,0,
       	
       	0,0,0,0,
       	0,0,0,0,
       	0,0,0,0,
       	0,0,0,0,
       	0,0,0,0,
       	0,0,0,0,
       	0,0,0,0,
       	0,0,0,0,
       	
       	0,0,0,0,
       	0,2,0,0,
       	0,0,0,0,
       	0,0,0,0,
       	0,0,0,0,
       	0,0,0,0,
       	0,0,0,0,
       	0,0,0,0,
       	
       	0,0,0,0,
       	17,5,0,0,
       	0,0,0,0,
       	0,0,0,0,
       	0,0,0,0,
       	0,0,0,0,
       	0,0,0,0,
       	0,0,0,0,
       	
       	0,0,0,0,
       	0,0,0,0,
       	0,0,0,0,
       	0,0,0,0,
       	0,0,0,0,
       	0,0,0,0,
       	0,0,0,0,
       	0,0,0,0,
       	
       	0,0,0,0,
       	0,0,0,0,
       	0,0,0,0,
       	0,0,0,0,
       	0,0,0,0,
       	0,0,0,0,
       	0,0,0,0,
       	0,0,0,0,
       	
       	0,0,0,0,
       	0,0,0,0,
       	0,0,0,0,
       	0,0,0,0,
       	0,0,0,0,
       	0,0,0,0,
       	0,0,0,0,
       	0,0,0,0,
       	
       	0,0,0,0,
       	0,0,0,0,
       	0,0,0,0,
       	0,0,0,0,
       	0,0,0,0,
       	0,0,0,0,
       	0,0,0,0,
       	0,0,0,0,
       	
       	0,0,0,0,
       	0,0,0,0,
       	0,0,0,0,
       	0,0,0,0,
       	0,0,0,0,
       	0,0,0,0,
       	0,0,0,0,
       	0,0,0,0,
       	
       	0,0,0,0,
       	0,0,0,0,
       	0,0,0,0,
       	0,0,0,0,
       	0,0,0,0,
       	0,0,0,0,
       	0,0,0,0,
       	0,0,0,0,
       	
       	0,0,0,0,
       	0,0,0,0,
       	0,0,0,0,
       	0,0,0,0,
       	0,0,0,0,
       	0,0,0,0,
       	0,0,0,0,
       	0,0,0,0,
       	
       	0,0,0,0,
       	0,0,0,0,
       	0,0,0,0,
       	0,0,0,0,
       	0,0,0,0,
       	0,0,0,0,
       	0,0,0,0,
       	0,0,0,0,
       	
       	0,0,0,0,
       	0,0,0,0,
       	0,0,0,0,
       	0,0,0,0,
       	0,0,0,0,
       	0,0,0,0,
       	0,0,0,0,
       	0,0,0,0,
       	
       	0,0,0,0,
       	0,0,0,0,
       	0,0,0,0,
       	0,0,0,0,
       	0,0,0,0,
       	0,0,0,0,
       	0,0,0,0,
       	0,0,0,0,
       	
       	0,0,0,0,
       	0,0,0,0,
       	0,0,0,0,
       	0,0,0,0,
       	0,0,0,0,
       	0,0,0,0,
       	0,0,0,0,
       	0,0,0,0,
       	
       	0,0,0,0,
       	0,0,0,0,
       	0,0,0,0,
       	0,0,0,0,
       	0,0,0,0,
       	0,0,0,0,
       	0,0,0,0,
       	0,0,0,0,
       	
       	0,0,0,0,
       	0,0,0,0,
       	0,0,0,0,
       	0,0,0,0,
       	0,0,0,0,
       	0,0,0,0,
       	0,0,0,0,
       	0,0,0,0,
       	

       //3000
       	0,0,0,0,
       	0,0,0,0,
       	0,0,0,0,
       	0,0,0,0,
       	0,0,0,0,
       	0,0,0,0,
       	0,0,0,0,
       	0,0,0,0,
       	
       	0,0,0,0,
       	0,0,0,0,
       	0,0,0,0,
       	0,0,0,0,
       	0,0,0,0,
       	0,0,0,0,
       	0,0,0,0,
       	0,0,0,0,
       	
       	0,0,0,0,
       	0,0,0,0,
       	0,0,0,0,
       	0,0,0,0,
       	0,0,0,0,
       	0,0,0,0,
       	0,0,0,0,
       	0,0,0,0,
       	
       	0,0,0,0,
       	0,0,0,0,
       	0,0,0,0,
       	0,0,0,0,
       	0,0,0,0,
       	0,0,0,0,
       	0,0,0,0,
       	0,0,0,0,
       	
       	0,0,0,0,
       	0,0,0,0,
       	0,0,0,0,
       	0,0,0,0,
       	0,0,0,0,
       	0,0,0,0,
       	0,0,0,0,
       	0,0,0,0,
       	
       	0,0,0,0,
       	0,0,0,0,
       	0,0,0,0,
       	0,0,0,37,
       	25,21,0,0,
       	21,9,2,2,
       	21,0,0,0,
       	0,0,0,0,
       	
       	0,0,0,0,
       	0,0,2,2,
       	0,0,18,32,
       	7,0,16,2,
       	7,12,5,5,
       	12,14,21,0,
       	2,0,0,0,
       	0,0,0,0,
       	
       	0,0,0,0,
       	0,0,2,16,
       	0,5,5,12,
       	60,23,16,21,
       	21,14,2,0,
       	14,0,0,0,
       	0,0,0,0,
       	0,0,0,0,
       	
       	0,0,0,0,
       	0,0,0,2,
       	30,0,2,53,
       	207,18,7,0,
       	0,0,0,0,
       	30,0,0,0,
       	0,0,0,0,
       	0,0,0,0,
       	
       	0,0,0,0,
       	0,0,0,2,
       	2,0,25,30,
       	30,28,14,5,
       	9,0,0,0,
       	0,0,0,0,
       	0,0,0,0,
       	0,0,0,0,
       	
       	0,0,0,0,
       	0,0,0,0,
       	12,9,16,2,
       	0,9,14,7,
       	0,0,0,0,
       	0,0,0,0,
       	0,0,0,0,
       	0,0,0,0,
       	
       	0,0,0,0,
       	0,5,18,7,
       	0,0,0,2,
       	0,0,0,0,
       	0,0,0,0,
       	0,0,0,0,
       	0,0,0,0,
       	0,0,0,0,
       	
       	0,0,0,0,
       	0,0,5,0,
       	0,0,0,0,
       	0,0,0,0,
       	0,0,0,0,
       	0,0,0,0,
       	0,0,0,0,
       	0,0,0,0,
       	
       	0,0,0,0,
       	0,0,0,0,
       	0,23,0,0,
       	0,0,0,0,
       	0,0,0,0,
       	0,0,0,0,
       	0,0,0,0,
       	0,0,0,0,
       	
       	0,0,0,0,
       	0,0,0,0,
       	0,0,0,0,
       	0,0,0,0,
       	0,0,0,0,
       	0,0,0,0,
       	0,0,0,0,
       	0,0,0,0,
       	
       	0,0,0,0,
       	0,0,0,0,
       	5,7,0,0,
       	0,0,0,0,
       	0,0,0,0,
       	0,0,0,0,
       	0,0,0,0,
       	0,0,0,0,
       	
       	0,0,0,0,
       	0,0,0,7,
       	5,0,0,0,
       	0,0,0,0,
       	0,0,0,0,
       	0,0,0,0,
       	0,0,0,0,
       	0,0,0,0,
       	
       	0,0,0,0,
       	0,0,0,0,
       	0,0,0,0,
       	0,0,0,0,
       	0,0,0,0,
       	0,0,0,0,
       	0,0,0,0,
       	0,0,0,0,
       	
       	0,0,0,0,
       	0,0,0,0,
       	0,0,0,0,
       	0,0,0,0,
       	0,0,0,0,
       	0,0,0,0,
       	0,0,0,0,
       	0,0,0,0,
       	
       	0,0,0,0,
       	0,0,0,0,
       	0,0,0,0,
       	0,0,0,0,
       	0,0,0,0,
       	0,0,0,0,
       	0,0,0,0,
       	0,0,0,0,
       	
       	0,0,0,0,
       	0,0,0,0,
       	0,0,0,0,
       	0,0,0,0,
       	0,0,0,0,
       	0,0,0,0,
       	0,0,0,0,
       	0,0,0,0,
       	
       	0,0,0,0,
       	0,0,0,0,
       	0,0,0,0,
       	0,0,0,0,
       	0,0,0,0,
       	0,0,0,0,
       	0,0,0,0,
       	0,0,0,0,
       	
       	0,0,0,0,
       	0,0,0,0,
       	0,0,0,0,
       	0,0,0,0,
       	0,0,0,0,
       	0,0,0,0,
       	0,0,0,0,
       	0,0,0,0,
       	
       	0,0,0,0,
       	0,0,0,0,
       	0,0,0,0,
       	0,0,0,0,
       	0,0,0,0,
       	0,0,0,0,
       	0,0,0,0,
       	0,0,0,0,
       	
       	0,0,0,0,
       	0,0,0,0,
       	0,0,0,0,
       	0,0,0,0,
       	0,0,0,0,
       	0,0,0,0,
       	0,0,0,0,
       	0,0,0,0,
       	
       	0,0,0,0,
       	0,0,0,0,
       	0,0,0,0,
       	0,0,0,0,
       	0,0,0,0,
       	0,0,0,0,
       	0,0,0,0,
       	0,0,0,0,
       	
       	0,0,0,0,
       	0,0,0,0,
       	0,0,0,0,
       	0,0,0,0,
       	0,0,0,0,
       	0,0,0,0,
       	0,0,0,0,
       	0,0,0,0,
       	
       	0,0,0,0,
       	0,0,0,0,
       	0,0,0,0,
       	0,0,0,0,
       	0,0,0,0,
       	0,0,0,0,
       	0,0,0,0,
       	0,0,0,0,
       	
       	0,0,0,0,
       	0,0,0,0,
       	0,0,0,0,
       	0,0,0,0,
       	0,0,0,0,
       	0,0,0,0,
       	0,0,0,0,
       	0,0,0,0,
       	
       	0,0,0,0,
       	0,0,0,0,
       	0,0,0,0,
       	0,0,0,0,
       	0,0,0,0,
       	0,0,0,0,
       	0,0,0,0,
       	0,0,0,0,
       	
       	0,0,0,0,
       	0,0,0,0,
       	0,0,0,0,
       	0,0,0,0,
       	0,0,0,0,
       	0,0,0,0,
       	0,0,0,0,
       	0,0,0,0,
       	
       	0,0,0,0,
       	0,0,0,0,
       	0,0,0,0,
       	0,0,0,0,
       	0,0,0,0,
       	0,0,0,0,
       	0,0,0,0,
       	0,0,0,0,
       	
       	0,0,0,0,
       	0,0,0,0,
       	0,0,0,0,
       	0,0,0,0,
       	0,0,0,0,
       	0,0,0,0,
       	0,0,0,0,
       	0,0,0,0,
       	
       	0,0,0,0,
       	0,0,0,0,
       	0,0,0,0,
       	0,0,0,0,
       	0,0,0,0,
       	0,0,0,0,
       	0,0,0,0,
       	0,0,0,0,
       	
       	0,0,0,0,
       	0,0,0,0,
       	0,0,0,0,
       	0,0,0,0,
       	0,0,0,0,
       	0,0,0,0,
       	0,0,0,0,
       	0,0,0,0,
       	

       //6001
       	0,0,0,0,
       	0,0,0,0,
       	0,0,0,0,
       	0,0,0,0,
       	0,0,0,0,
       	0,0,0,0,
       	0,0,0,0,
       	0,0,0,0,
       	
       	0,0,0,0,
       	0,0,0,0,
       	0,0,0,0,
       	0,0,0,0,
       	0,0,0,0,
       	0,0,0,0,
       	0,0,0,0,
       	0,0,0,0,
       	
       	0,0,0,0,
       	0,0,0,0,
       	0,0,0,0,
       	0,0,0,0,
       	0,0,0,0,
       	0,0,0,0,
       	0,0,0,0,
       	0,0,0,0,
       	
       	0,0,0,0,
       	0,0,0,0,
       	0,0,0,0,
       	0,0,0,0,
       	0,0,0,0,
       	0,0,0,0,
       	0,0,0,0,
       	0,0,0,0,
       	
       	0,0,0,0,
       	0,0,0,0,
       	0,0,0,0,
       	0,0,0,0,
       	0,0,0,0,
       	0,0,0,0,
       	0,0,0,0,
       	0,0,0,0,
       	
       	0,0,0,0,
       	0,0,0,0,
       	0,0,0,0,
       	0,0,0,0,
       	0,0,0,0,
       	0,0,0,0,
       	0,0,0,0,
       	0,0,0,0,
       	
       	0,0,0,0,
       	0,0,0,0,
       	0,0,35,14,
       	14,5,0,2,
       	19,0,0,0,
       	0,0,0,0,
       	0,0,0,0,
       	0,0,0,0,
       	
       	0,0,0,0,
       	0,0,26,5,
       	0,2,7,7,
       	7,0,5,5,
       	5,0,0,0,
       	0,0,0,0,
       	0,0,0,0,
       	0,0,0,0,
       	
       	0,0,0,0,
       	0,0,5,0,
       	5,0,3,2,
       	0,0,0,0,
       	2,3,14,17,
       	0,0,0,0,
       	0,0,0,0,
       	0,0,0,0,
       	
       	0,0,0,31,
       	5,0,12,0,
       	3,0,0,0,
       	0,2,2,0,
       	26,3,0,0,
       	0,0,0,0,
       	0,0,0,0,
       	0,0,0,0,
       	
       	0,0,0,0,
       	0,0,19,3,
       	3,2,52,0,
       	3,0,2,5,
       	9,0,0,0,
       	0,0,0,0,
       	0,0,0,0,
       	0,0,0,0,
       	
       	0,0,0,7,
       	0,3,3,2,
       	7,21,7,3,
       	0,3,9,0,
       	0,0,0,0,
       	0,0,0,0,
       	0,0,0,0,
       	0,0,0,0,
       	
       	0,0,0,9,
       	3,5,173,30,
       	5,5,0,2,
       	2,5,0,0,
       	0,0,0,0,
       	0,0,0,0,
       	0,0,0,0,
       	0,0,0,0,
       	
       	0,0,0,28,
       	9,2,35,35,
       	9,2,0,0,
       	0,0,23,0,
       	0,0,0,0,
       	0,0,0,0,
       	0,0,0,0,
       	0,0,0,0,
       	
       	0,0,0,2,
       	2,5,21,12,
       	10,19,5,0,
       	0,5,3,0,
       	0,0,0,0,
       	0,0,0,0,
       	0,0,0,0,
       	0,0,0,0,
       	
       	0,0,2,2,
       	0,0,0,3,
       	16,7,0,0,
       	0,0,0,0,
       	0,0,0,0,
       	0,0,0,0,
       	0,0,0,0,
       	0,0,0,0,
       	
       	0,0,0,2,
       	35,26,5,3,
       	17,0,0,0,
       	0,0,0,0,
       	0,0,0,0,
       	0,0,0,0,
       	0,0,0,0,
       	0,0,0,0,
       	
       	9,19,0,0,
       	0,0,0,0,
       	0,0,0,0,
       	0,0,0,0,
       	0,0,0,0,
       	0,0,0,0,
       	0,0,0,0,
       	0,0,0,0,
       	
       	3,0,0,0,
       	0,0,0,0,
       	0,0,0,0,
       	0,0,0,0,
       	0,0,0,0,
       	0,0,0,0,
       	0,0,0,0,
       	0,0,0,0,
       	
       	0,0,0,0,
       	3,0,0,0,
       	0,0,0,0,
       	0,0,0,0,
       	0,0,0,0,
       	0,0,0,0,
       	0,0,0,0,
       	0,0,0,0,
       	
       	0,0,0,0,
       	3,0,0,0,
       	0,0,0,0,
       	0,0,0,0,
       	0,0,0,0,
       	0,0,0,0,
       	0,0,0,0,
       	0,0,0,0,
       	
       	0,0,0,16,
       	0,0,0,0,
       	0,0,0,0,
       	0,0,0,0,
       	0,0,0,0,
       	0,0,0,0,
       	0,0,0,0,
       	0,0,0,0,
       	
       	0,0,0,19,
       	0,0,0,0,
       	0,0,0,0,
       	0,0,0,0,
       	0,0,0,0,
       	0,0,0,0,
       	0,0,0,0,
       	0,0,0,0,
       	
       	0,0,0,0,
       	0,0,0,0,
       	0,0,0,0,
       	0,0,0,0,
       	0,0,0,0,
       	0,0,0,0,
       	0,0,0,0,
       	0,0,0,0,
       	
       	0,0,16,0,
       	0,0,0,0,
       	0,0,0,0,
       	0,0,0,0,
       	0,0,0,0,
       	0,0,0,0,
       	0,0,0,0,
       	0,0,0,0,
       	
       	0,10,5,0,
       	0,0,0,0,
       	0,0,0,0,
       	0,0,0,0,
       	0,0,0,0,
       	0,0,0,0,
       	0,0,0,0,
       	0,0,0,0,
       	
       	0,0,0,0,
       	0,0,0,0,
       	0,0,0,0,
       	0,0,0,0,
       	0,0,0,0,
       	0,0,0,0,
       	0,0,0,0,
       	0,0,0,0,
       	
       	0,0,0,0,
       	0,0,0,0,
       	0,0,0,0,
       	0,0,0,0,
       	0,0,0,0,
       	0,0,0,0,
       	0,0,0,0,
       	0,0,0,0,
       	
       	0,0,0,0,
       	0,0,0,0,
       	0,0,0,0,
       	0,0,0,0,
       	0,0,0,0,
       	0,0,0,0,
       	0,0,0,0,
       	0,0,0,0,
       	
       	0,0,0,0,
       	0,0,0,0,
       	0,0,0,0,
       	0,0,0,0,
       	0,0,0,0,
       	0,0,0,0,
       	0,0,0,0,
       	0,0,0,0,
       	
       	0,0,0,0,
       	0,0,0,0,
       	0,0,0,0,
       	0,0,0,0,
       	0,0,0,0,
       	0,0,0,0,
       	0,0,0,0,
       	0,0,0,0,
       	
       	0,0,0,0,
       	0,0,0,0,
       	0,0,0,0,
       	0,0,0,0,
       	0,0,0,0,
       	0,0,0,0,
       	0,0,0,0,
       	0,0,0,0,
       	
       	0,0,0,0,
       	0,0,0,0,
       	0,0,0,0,
       	0,0,0,0,
       	0,0,0,0,
       	0,0,0,0,
       	0,0,0,0,
       	0,0,0,0,
       	
       	0,0,0,0,
       	0,0,0,0,
       	0,0,0,0,
       	0,0,0,0,
       	0,0,0,0,
       	0,0,0,0,
       	0,0,0,0,
       	0,0,0,0,
       	
       	0,0,0,0,
       	0,0,0,0,
       	0,0,0,0,
       	0,0,0,0,
       	0,0,0,0,
       	0,0,0,0,
       	0,0,0,0,
       	0,0,0,0,
       	

       //7001
       	0,0,0,0,
       	0,0,0,0,
       	0,0,0,0,
       	0,0,0,0,
       	0,0,0,0,
       	0,0,0,0,
       	0,0,0,0,
       	0,0,0,0,
       	
       	0,0,0,0,
       	0,0,0,0,
       	0,0,0,0,
       	0,0,0,0,
       	0,0,0,0,
       	0,0,0,0,
       	0,0,0,0,
       	0,0,0,0,
       	
       	0,0,0,0,
       	0,0,0,0,
       	0,0,0,0,
       	0,0,0,0,
       	0,0,0,0,
       	0,0,0,0,
       	0,0,0,0,
       	0,0,0,0,
       	
       	0,0,0,0,
       	0,0,0,0,
       	0,0,0,0,
       	0,0,0,0,
       	0,0,0,0,
       	0,0,0,0,
       	0,0,0,0,
       	0,0,0,0,
       	
       	0,0,0,0,
       	0,0,0,0,
       	0,0,0,0,
       	0,0,0,0,
       	0,0,0,0,
       	0,0,0,0,
       	0,0,0,0,
       	0,0,0,0,
       	
       	0,0,0,0,
       	0,0,0,0,
       	0,0,0,0,
       	0,0,0,0,
       	0,0,0,0,
       	0,0,0,0,
       	0,0,0,0,
       	0,0,0,0,
       	
       	0,0,0,0,
       	0,0,0,0,
       	0,3,40,0,
       	13,0,0,4,
       	0,0,0,0,
       	0,0,0,0,
       	0,0,0,0,
       	0,0,0,0,
       	
       	0,0,0,0,
       	0,0,25,0,
       	0,0,8,9,
       	1,0,0,23,
       	1,0,0,0,
       	0,0,0,0,
       	0,0,0,0,
       	0,0,0,0,
       	
       	0,0,0,0,
       	0,0,12,0,
       	0,0,5,1,
       	0,0,0,0,
       	0,1,7,29,
       	0,0,0,0,
       	0,0,0,0,
       	0,0,0,0,
       	
       	0,0,9,21,
       	1,4,0,0,
       	1,1,0,0,
       	7,4,0,0,
       	1,3,1,0,
       	0,0,0,0,
       	0,0,0,0,
       	0,0,0,0,
       	
       	0,0,0,1,
       	8,31,5,1,
       	5,4,3,1,
       	1,0,0,8,
       	28,0,0,0,
       	0,0,0,0,
       	0,0,0,0,
       	0,0,0,0,
       	
       	0,0,0,0,
       	0,0,7,16,
       	7,51,20,13,
       	0,0,0,1,
       	0,0,0,0,
       	0,0,0,0,
       	0,0,0,0,
       	0,0,0,0,
       	
       	0,0,0,0,
       	0,3,15,7,
       	7,12,3,1,
       	5,0,0,0,
       	0,0,0,0,
       	0,0,0,0,
       	0,0,0,0,
       	0,0,0,0,
       	
       	0,0,5,7,
       	1,37,136,12,
       	0,0,1,0,
       	0,0,0,0,
       	0,0,0,0,
       	0,0,0,0,
       	0,0,0,0,
       	0,0,0,0,
       	
       	0,0,12,23,
       	4,19,55,33,
       	1,3,4,0,
       	0,4,0,0,
       	0,0,0,0,
       	0,0,0,0,
       	0,0,0,0,
       	0,0,0,0,
       	
       	0,0,0,0,
       	0,4,4,3,
       	0,0,0,0,
       	0,24,0,0,
       	0,0,0,0,
       	0,0,0,0,
       	0,0,0,0,
       	0,0,0,0,
       	
       	0,1,0,0,
       	11,8,7,4,
       	0,0,0,1,
       	3,0,0,0,
       	0,0,0,0,
       	0,0,0,0,
       	0,0,0,0,
       	0,0,0,0,
       	
       	0,3,0,29,
       	15,24,0,13,
       	0,0,0,0,
       	0,0,0,0,
       	0,0,0,0,
       	0,0,0,0,
       	0,0,0,0,
       	0,0,0,0,
       	
       	23,0,0,0,
       	3,0,0,24,
       	0,0,0,0,
       	0,0,0,0,
       	0,0,0,0,
       	0,0,0,0,
       	0,0,0,0,
       	0,0,0,0,
       	
       	3,3,0,0,
       	1,0,0,0,
       	0,0,0,0,
       	0,0,0,0,
       	0,0,0,0,
       	0,0,0,0,
       	0,0,0,0,
       	0,0,0,0,
       	
       	0,0,0,0,
       	1,0,0,0,
       	0,0,0,0,
       	0,0,0,0,
       	0,0,0,0,
       	0,0,0,0,
       	0,0,0,0,
       	0,0,0,0,
       	
       	0,0,0,8,
       	0,0,0,0,
       	0,0,0,0,
       	0,0,0,0,
       	0,0,0,0,
       	0,0,0,0,
       	0,0,0,0,
       	0,0,0,0,
       	
       	0,0,9,5,
       	0,0,0,0,
       	0,0,0,0,
       	0,0,0,0,
       	0,0,0,0,
       	0,0,0,0,
       	0,0,0,0,
       	0,0,0,0,
       	
       	0,0,29,0,
       	0,0,0,0,
       	0,0,0,0,
       	0,0,0,0,
       	0,0,0,0,
       	0,0,0,0,
       	0,0,0,0,
       	0,0,0,0,
       	
       	0,0,1,0,
       	0,0,0,0,
       	0,0,0,0,
       	0,0,0,0,
       	0,0,0,0,
       	0,0,0,0,
       	0,0,0,0,
       	0,0,0,0,
       	
       	0,0,1,0,
       	0,0,0,0,
       	0,0,0,0,
       	0,0,0,0,
       	0,0,0,0,
       	0,0,0,0,
       	0,0,0,0,
       	0,0,0,0,
       	
       	0,17,0,0,
       	0,0,0,0,
       	0,0,0,0,
       	0,0,0,0,
       	0,0,0,0,
       	0,0,0,0,
       	0,0,0,0,
       	0,0,0,0,
       	
       	0,9,0,0,
       	0,0,0,0,
       	0,0,0,0,
       	0,0,0,0,
       	0,0,0,0,
       	0,0,0,0,
       	0,0,0,0,
       	0,0,0,0,
       	
       	0,0,0,0,
       	0,0,0,0,
       	0,0,0,0,
       	0,0,0,0,
       	0,0,0,0,
       	0,0,0,0,
       	0,0,0,0,
       	0,0,0,0,
       	
       	0,0,0,0,
       	0,0,0,0,
       	0,0,0,0,
       	0,0,0,0,
       	0,0,0,0,
       	0,0,0,0,
       	0,0,0,0,
       	0,0,0,0,
       	
       	0,0,0,0,
       	0,0,0,0,
       	0,0,0,0,
       	0,0,0,0,
       	0,0,0,0,
       	0,0,0,0,
       	0,0,0,0,
       	0,0,0,0,
       	
       	0,0,0,0,
       	0,0,0,0,
       	0,0,0,0,
       	0,0,0,0,
       	0,0,0,0,
       	0,0,0,0,
       	0,0,0,0,
       	0,0,0,0,
       	
       	0,0,0,0,
       	0,0,0,0,
       	0,0,0,0,
       	0,0,0,0,
       	0,0,0,0,
       	0,0,0,0,
       	0,0,0,0,
       	0,0,0,0,
       	
       	0,0,0,0,
       	0,0,0,0,
       	0,0,0,0,
       	0,0,0,0,
       	0,0,0,0,
       	0,0,0,0,
       	0,0,0,0,
       	0,0,0,0,
       	
       	0,0,0,0,
       	0,0,0,0,
       	0,0,0,0,
       	0,0,0,0,
       	0,0,0,0,
       	0,0,0,0,
       	0,0,0,0,
       	0,0,0,0,
       	

   },

   // referencesCb_2[num_of_ref_2][num_of_gray]
   {
       {0,0,-1,0},
       {-5,-6,-6,-5},
       {-25,-25,-25,-25},
       {-43,-43,-43,-42},
       {-60,-59,-59,-57},
       {-12,-13,-14,-12},
       {-3,-3,-4,-2}
   },

   // referencesCr_2[num_of_ref_2][num_of_gray]
   {
       {-50,-50,-51,-48},
       {-46,-45,-45,-44},
       {-34,-33,-33,-30},
       {-9,-9,-9,-8},
       {16,17,16,16},
       {-42,-43,-44,-44},
       {-49,-50,-51,-51}
   },

   // ref_gray_R_2[num_of_ref_2][num_of_gray]
   {
       {245,159,89,39},
       {238,157,88,37},
       {230,153,89,39},
       {347,229,130,57},
       {316,213,125,54},
       {590,382,205,83},
       {494,314,168,67}
   },

   // ref_gray_G_2[num_of_ref_2][num_of_gray]
   {
       {385,250,141,60},
       {359,235,132,56},
       {318,210,122,52},
       {394,259,147,65},
       {299,201,118,51},
       {866,567,308,124},
       {769,493,267,107}
   },

   // ref_gray_B_2[num_of_ref_2][num_of_gray]
   {
       {339,220,123,53},
       {307,201,112,48},
       {235,155,89,39},
       {257,169,95,42},
       {171,115,67,29},
       {703,457,245,101},
       {663,424,226,92}
   },

   
// AWB tuning parameters

   50,     // radius

   5,     // luma_awb_min
   250,     // luma_awb_max

   3250,     // low_color_temp_thresh
   0,     // apply_rgb_adjust
   110,     // R_adjust(%)
   90,     // B_adjust(%)

   7186,     // SB_1
   11853,     // SB_2
   0,     // SB_low_bound

   6500,     // default_T_Hh
   5000,     // default_T_MH
   4700,     // default_T_ML
   3000,     // default_T_L

   1,		// default_T_Hh_index
   4,		// default_T_MH_index
   5,		// default_T_ML_index
   12,		// default_T_L_index

   1,     // best_gray_index_default

};
